123 54 104
111 123 51
76 109 112
85 70 54
116 112 91
59 81 96
55 103 67
127 95 98
103 86 83
108 72 88
96 67 108
80 106 128
98 55 124
50 80 67
74 88 118
96 80 90
120 107 105
110 58 124
91 114 70
78 102 80
54 54 113
88 127 59
118 60 69
99 122 97
126 69 64
62 106 71
74 94 105
103 107 81
85 68 116
72 65 84
108 88 71
72 72 111
94 91 105
78 50 119
55 92 90
81 60 83
107 101 124
70 99 113
80 117 84
116 111 127
113 58 71
112 109 101
67 103 119
124 94 118
99 112 71
121 106 62
103 54 50
106 118 58
56 94 61
69 63 127
108 112 67
108 105 114
107 93 83
108 104 92
116 116 69
80 91 54
75 125 123
111 53 64
87 105 81
87 61 55
126 120 63
86 70 111
68 96 126
101 74 94
73 60 125
74 104 76
62 89 109
116 104 107
121 76 84
126 96 64
50 76 104
128 102 98
75 58 104
61 57 94
82 96 108
104 74 86
109 87 114
113 114 83
101 106 93
94 85 111
107 111 125
111 60 119
96 101 71
127 103 122
58 126 89
52 125 91
91 59 100
128 97 86
127 73 80
71 89 62
121 56 78
122 59 103
74 122 123
106 125 52
100 75 93
123 74 116
122 91 56
124 56 54
122 96 100
91 126 71
70 65 127
94 71 53
118 115 94
61 100 106
123 94 57
68 106 110
128 107 106
127 72 95
104 93 121
115 108 99
74 62 105
69 55 73
74 122 104
96 121 98
56 127 56
71 89 78
56 124 72
62 122 96
73 88 55
100 126 104
59 94 74
112 70 71
101 109 92
54 72 72
124 103 69
115 100 62
100 65 80
63 104 89
87 118 62
94 116 110
127 81 118
87 51 70
99 79 62
115 110 62
123 101 124
77 86 95
58 74 121
117 53 59
101 54 52
105 93 72
56 95 91
110 71 52
76 66 87
75 81 81
99 128 119
124 126 103
120 53 66
50 65 53
57 72 65
99 58 51
105 73 103
56 120 71
56 98 124
108 108 92
73 54 101
108 112 96
59 67 83
82 72 61
108 51 69
85 60 117
89 68 63
118 65 86
92 50 123
83 116 104
115 68 57
57 127 57
77 118 51
77 68 89
103 69 53
97 116 64
111 88 109
109 72 68
53 101 127
69 107 72
93 114 110
69 55 112
125 99 71
110 85 77
113 116 95
122 121 98
69 90 90
66 57 108
56 92 117
116 56 98
128 60 54
66 54 51
96 105 78
111 122 61
63 58 96
108 104 89
72 66 101
119 119 74
80 69 98
77 115 126
112 99 74
58 118 69
127 125 118
66 59 100
108 61 76
51 108 72
71 96 99
76 81 92
88 125 83
69 57 112
103 95 93
50 91 87
114 125 56
102 86 108
71 64 103
104 61 65
109 70 59
98 118 60
50 116 120
83 123 111
60 103 64
102 111 78
100 52 106
108 122 113
103 88 121
69 107 71
79 110 113
123 109 101
88 120 107
126 52 114
119 97 109
88 73 80
78 97 127
70 117 53
119 122 54
57 71 103
89 71 75
53 71 109
90 55 114
81 54 52
68 112 108
95 52 103
95 83 52
69 82 55
68 80 64
115 110 87
94 90 120
104 92 126
87 104 57
63 111 96
112 105 110
95 58 70
124 74 120
91 86 75
50 124 104
55 71 70
111 96 100
65 99 81
75 123 59
112 56 120
82 112 60
128 61 81
72 71 107
101 121 74
104 79 105
102 74 79
96 111 66
75 123 56
116 73 74
60 100 119
50 127 114
79 122 91
90 112 124
72 110 81
98 101 109
115 63 103
127 116 61
81 57 63
58 84 81
85 93 86
118 97 67
94 122 66
59 51 107
65 101 128
52 70 126
67 102 80
110 109 58
71 60 93
84 69 57
106 116 55
56 54 106
117 102 120
118 89 127
123 96 87
125 67 109
92 95 58
83 87 94
121 63 82
98 90 109
104 101 71
85 64 69
121 71 50
106 96 105
84 70 90
74 66 56
56 124 71
122 118 120
69 57 123
87 95 109
96 89 82
59 75 95
58 59 122
81 106 119
80 123 84
121 87 56
114 105 93
109 126 57
97 92 111
112 86 118
112 50 97
82 124 124
110 73 79
99 105 91
85 63 93
64 61 63
82 105 80
72 119 72
50 114 120
86 70 93
123 74 125
65 71 90
51 93 110
74 107 57
126 111 122
67 52 121
87 115 72
116 125 63
69 113 89
123 88 56
99 71 68
98 51 111
105 102 127
122 52 53
124 71 85
101 74 125
115 126 111
98 80 93
119 78 96
123 124 54
123 51 68
51 66 76
84 81 59
112 102 57
107 97 50
77 72 128
123 76 94
53 87 69
116 127 112
99 61 66
110 59 88
73 113 110
87 57 111
87 55 96
58 60 95
117 104 54
64 121 71
66 55 79
103 56 59
88 55 102
97 92 115
127 128 128
87 99 82
99 51 121
119 50 109
79 121 58
98 119 95
84 119 54
56 91 124
109 89 91
71 70 94
113 62 96
78 90 56
89 50 115
86 64 96
56 66 123
53 84 79
95 118 52
127 88 119
98 119 100
107 90 50
66 87 74
95 94 114
86 103 62
107 68 78
98 118 92
88 81 125
105 52 58
79 98 76
70 56 60
96 97 63
73 126 57
59 52 102
80 58 121
105 113 83
64 52 119
63 75 122
59 98 83
59 91 127
64 88 79
80 107 66
111 91 87
75 105 56
105 66 105
82 68 96
68 122 86
122 115 120
101 76 112
101 62 83
56 70 100
119 62 68
116 78 85
78 64 57
57 103 101
114 54 62
66 104 89
56 78 104
90 86 106
128 119 105
52 127 77
70 76 59
54 128 68
127 84 91
82 117 126
94 56 119
67 123 76
100 82 112
104 123 100
106 95 103
91 121 79
90 118 100
55 52 112
109 71 54
107 80 54
110 125 71
59 80 63
119 70 118
77 127 97
128 70 56
116 109 80
68 109 59
81 113 62
57 72 71
67 128 80
59 109 55
64 62 59
57 62 111
106 59 126
126 124 76
63 75 64
123 97 71
117 85 90
74 114 119
76 105 75
118 107 109
124 119 88
107 50 94
50 83 117
82 63 128
102 102 88
105 59 88
70 94 68
64 58 98
84 73 80
55 93 82
105 100 116
58 83 93
100 81 51
87 79 88
80 52 76
72 74 51
65 83 83
110 64 94
60 124 120
101 91 63
100 102 104
103 125 56
95 92 50
114 126 63
105 119 123
115 56 127
105 65 113
123 70 99
59 83 64
67 84 94
88 127 118
81 62 105
104 92 77
98 58 128
105 65 65
109 112 91
92 68 123
55 52 117
111 83 105
83 69 66
100 88 57
123 96 123
